vx	V(p004)	V(n001)
Step Information: Vy=0  (Run: 1/6)
0.000000000000000e+000	5.000000e+000	7.052485e+000
1.000000000000000e-001	5.000000e+000	6.982139e+000
2.000000000000000e-001	5.000000e+000	6.913229e+000
3.000000000000000e-001	5.000000e+000	6.844713e+000
4.000000000000000e-001	5.000000e+000	6.776968e+000
5.000000000000000e-001	5.000000e+000	6.710018e+000
6.000000000000000e-001	5.000000e+000	6.643888e+000
7.000000000000000e-001	5.000000e+000	6.578602e+000
7.999999999999999e-001	5.000000e+000	6.514186e+000
8.999999999999999e-001	5.000000e+000	6.450667e+000
9.999999999999999e-001	5.000000e+000	6.388072e+000
1.100000000000000e+000	5.000000e+000	6.326428e+000
1.200000000000000e+000	5.000000e+000	6.265765e+000
1.300000000000000e+000	5.000000e+000	6.206111e+000
1.400000000000000e+000	5.000000e+000	6.147497e+000
1.500000000000000e+000	5.000000e+000	6.089953e+000
1.600000000000000e+000	5.000000e+000	6.033510e+000
1.700000000000000e+000	5.000000e+000	5.978200e+000
1.800000000000001e+000	5.000000e+000	5.924057e+000
1.900000000000001e+000	5.000000e+000	5.871111e+000
2.000000000000000e+000	5.000000e+000	5.819397e+000
2.100000000000001e+000	5.000000e+000	5.768950e+000
2.200000000000001e+000	5.000000e+000	5.719802e+000
2.300000000000001e+000	5.000000e+000	5.671989e+000
2.400000000000001e+000	5.000000e+000	5.625546e+000
2.500000000000001e+000	5.000000e+000	5.580507e+000
2.600000000000001e+000	5.000000e+000	5.536906e+000
2.700000000000001e+000	5.000000e+000	5.494780e+000
2.800000000000001e+000	5.000000e+000	5.454161e+000
2.900000000000001e+000	5.000000e+000	5.415085e+000
3.000000000000001e+000	5.000000e+000	5.377585e+000
3.100000000000001e+000	5.000000e+000	5.341695e+000
3.200000000000002e+000	5.000000e+000	5.307446e+000
3.300000000000002e+000	5.000000e+000	5.274871e+000
3.400000000000002e+000	5.000000e+000	5.243999e+000
3.500000000000002e+000	5.000000e+000	5.214860e+000
3.600000000000002e+000	5.000000e+000	5.187481e+000
3.700000000000002e+000	5.000000e+000	5.161890e+000
3.800000000000002e+000	5.000000e+000	5.138109e+000
3.900000000000002e+000	5.000000e+000	5.116163e+000
4.000000000000002e+000	5.000000e+000	5.096070e+000
4.100000000000001e+000	5.000000e+000	5.077851e+000
4.200000000000001e+000	5.000000e+000	5.061520e+000
4.300000000000001e+000	5.000000e+000	5.047090e+000
4.400000000000000e+000	5.000000e+000	5.034573e+000
4.500000000000000e+000	5.000000e+000	5.023976e+000
4.600000000000000e+000	5.000000e+000	5.015304e+000
4.699999999999999e+000	5.000000e+000	5.008557e+000
4.799999999999999e+000	5.000000e+000	5.003792e+000
4.899999999999999e+000	5.000000e+000	5.000913e+000
5.000000000000000e+000	5.000000e+000	4.999957e+000
Step Information: Vy=1  (Run: 2/6)
0.000000000000000e+000	5.000000e+000	6.388087e+000
1.000000000000000e-001	5.000000e+000	6.310314e+000
2.000000000000000e-001	5.000000e+000	6.233787e+000
3.000000000000000e-001	5.000000e+000	6.157607e+000
4.000000000000000e-001	5.000000e+000	6.082106e+000
5.000000000000000e-001	5.000000e+000	6.007308e+000
6.000000000000000e-001	5.000000e+000	5.933243e+000
7.000000000000000e-001	5.000000e+000	5.859936e+000
7.999999999999999e-001	5.000000e+000	5.787417e+000
8.999999999999999e-001	5.000000e+000	5.715716e+000
9.999999999999999e-001	5.000000e+000	5.644864e+000
1.100000000000000e+000	5.000000e+000	5.574894e+000
1.200000000000000e+000	5.000000e+000	5.505839e+000
1.300000000000000e+000	5.000000e+000	5.437735e+000
1.400000000000000e+000	5.000000e+000	5.370617e+000
1.500000000000000e+000	5.000000e+000	5.304525e+000
1.600000000000000e+000	5.000000e+000	5.239497e+000
1.700000000000000e+000	5.000000e+000	5.175573e+000
1.800000000000001e+000	5.000000e+000	5.112795e+000
1.900000000000001e+000	5.000000e+000	5.051208e+000
2.000000000000000e+000	5.000000e+000	4.990855e+000
2.100000000000001e+000	5.000000e+000	4.931782e+000
2.200000000000001e+000	5.000000e+000	4.874037e+000
2.300000000000001e+000	5.000000e+000	4.817668e+000
2.400000000000001e+000	5.000000e+000	4.762725e+000
2.500000000000001e+000	5.000000e+000	4.709259e+000
2.600000000000001e+000	5.000000e+000	4.657321e+000
2.700000000000001e+000	5.000000e+000	4.606965e+000
2.800000000000001e+000	5.000000e+000	4.558242e+000
2.900000000000001e+000	5.000000e+000	4.511208e+000
3.000000000000001e+000	5.000000e+000	4.465916e+000
3.100000000000001e+000	5.000000e+000	4.422421e+000
3.200000000000002e+000	5.000000e+000	4.380777e+000
3.300000000000002e+000	5.000000e+000	4.341037e+000
3.400000000000002e+000	5.000000e+000	4.303254e+000
3.500000000000002e+000	5.000000e+000	4.267480e+000
3.600000000000002e+000	5.000000e+000	4.233767e+000
3.700000000000002e+000	5.000000e+000	4.202162e+000
3.800000000000002e+000	5.000000e+000	4.172713e+000
3.900000000000002e+000	5.000000e+000	4.145463e+000
4.000000000000002e+000	5.000000e+000	4.120454e+000
4.100000000000001e+000	5.000000e+000	4.097724e+000
4.200000000000001e+000	5.000000e+000	4.077307e+000
4.300000000000001e+000	5.000000e+000	4.059233e+000
4.400000000000000e+000	5.000000e+000	4.043529e+000
4.500000000000000e+000	5.000000e+000	4.030213e+000
4.600000000000000e+000	5.000000e+000	4.019303e+000
4.699999999999999e+000	5.000000e+000	4.010806e+000
4.799999999999999e+000	5.000000e+000	4.004802e+000
4.899999999999999e+000	5.000000e+000	4.001171e+000
5.000000000000000e+000	5.000000e+000	3.999965e+000
Step Information: Vy=2  (Run: 3/6)
0.000000000000000e+000	5.000000e+000	5.819425e+000
1.000000000000000e-001	5.000000e+000	5.733914e+000
2.000000000000000e-001	5.000000e+000	5.649338e+000
3.000000000000000e-001	5.000000e+000	5.565029e+000
4.000000000000000e-001	5.000000e+000	5.481240e+000
5.000000000000000e-001	5.000000e+000	5.397995e+000
6.000000000000000e-001	5.000000e+000	5.315319e+000
7.000000000000000e-001	5.000000e+000	5.233240e+000
7.999999999999999e-001	5.000000e+000	5.151785e+000
8.999999999999999e-001	5.000000e+000	5.070984e+000
9.999999999999999e-001	5.000000e+000	4.990870e+000
1.100000000000000e+000	5.000000e+000	4.911475e+000
1.200000000000000e+000	5.000000e+000	4.832835e+000
1.300000000000000e+000	5.000000e+000	4.754987e+000
1.400000000000000e+000	5.000000e+000	4.677971e+000
1.500000000000000e+000	5.000000e+000	4.601828e+000
1.600000000000000e+000	5.000000e+000	4.526602e+000
1.700000000000000e+000	5.000000e+000	4.452340e+000
1.800000000000001e+000	5.000000e+000	4.379090e+000
1.900000000000001e+000	5.000000e+000	4.306905e+000
2.000000000000000e+000	5.000000e+000	4.235838e+000
2.100000000000001e+000	5.000000e+000	4.165949e+000
2.200000000000001e+000	5.000000e+000	4.097296e+000
2.300000000000001e+000	5.000000e+000	4.029943e+000
2.400000000000001e+000	5.000000e+000	3.963959e+000
2.500000000000001e+000	5.000000e+000	3.899410e+000
2.600000000000001e+000	5.000000e+000	3.836373e+000
2.700000000000001e+000	5.000000e+000	3.774921e+000
2.800000000000001e+000	5.000000e+000	3.715137e+000
2.900000000000001e+000	5.000000e+000	3.657101e+000
3.000000000000001e+000	5.000000e+000	3.600899e+000
3.100000000000001e+000	5.000000e+000	3.546620e+000
3.200000000000002e+000	5.000000e+000	3.494355e+000
3.300000000000002e+000	5.000000e+000	3.444196e+000
3.400000000000002e+000	5.000000e+000	3.396239e+000
3.500000000000002e+000	5.000000e+000	3.350577e+000
3.600000000000002e+000	5.000000e+000	3.307309e+000
3.700000000000002e+000	5.000000e+000	3.266528e+000
3.800000000000002e+000	5.000000e+000	3.228331e+000
3.900000000000002e+000	5.000000e+000	3.192810e+000
4.000000000000002e+000	5.000000e+000	3.160054e+000
4.100000000000001e+000	5.000000e+000	3.130149e+000
4.200000000000001e+000	5.000000e+000	3.103175e+000
4.300000000000001e+000	5.000000e+000	3.079206e+000
4.400000000000000e+000	5.000000e+000	3.058307e+000
4.500000000000000e+000	5.000000e+000	3.040534e+000
4.600000000000000e+000	5.000000e+000	3.025934e+000
4.699999999999999e+000	5.000000e+000	3.014540e+000
4.799999999999999e+000	5.000000e+000	3.006478e+000
4.899999999999999e+000	5.000000e+000	3.001596e+000
5.000000000000000e+000	5.000000e+000	2.999974e+000
Step Information: Vy=3  (Run: 4/6)
0.000000000000000e+000	5.000000e+000	5.377628e+000
1.000000000000000e-001	5.000000e+000	5.284904e+000
2.000000000000000e-001	5.000000e+000	5.192714e+000
3.000000000000000e-001	5.000000e+000	5.100680e+000
4.000000000000000e-001	5.000000e+000	5.008949e+000
5.000000000000000e-001	5.000000e+000	4.917537e+000
6.000000000000000e-001	5.000000e+000	4.826462e+000
7.000000000000000e-001	5.000000e+000	4.735744e+000
7.999999999999999e-001	5.000000e+000	4.645404e+000
8.999999999999999e-001	5.000000e+000	4.555464e+000
9.999999999999999e-001	5.000000e+000	4.465948e+000
1.100000000000000e+000	5.000000e+000	4.376881e+000
1.200000000000000e+000	5.000000e+000	4.288291e+000
1.300000000000000e+000	5.000000e+000	4.200209e+000
1.400000000000000e+000	5.000000e+000	4.112666e+000
1.500000000000000e+000	5.000000e+000	4.025698e+000
1.600000000000000e+000	5.000000e+000	3.939343e+000
1.700000000000000e+000	5.000000e+000	3.853641e+000
1.800000000000001e+000	5.000000e+000	3.768636e+000
1.900000000000001e+000	5.000000e+000	3.684378e+000
2.000000000000000e+000	5.000000e+000	3.600917e+000
2.100000000000001e+000	5.000000e+000	3.518310e+000
2.200000000000001e+000	5.000000e+000	3.436619e+000
2.300000000000001e+000	5.000000e+000	3.355910e+000
2.400000000000001e+000	5.000000e+000	3.276255e+000
2.500000000000001e+000	5.000000e+000	3.197733e+000
2.600000000000001e+000	5.000000e+000	3.120430e+000
2.700000000000001e+000	5.000000e+000	3.044437e+000
2.800000000000001e+000	5.000000e+000	2.969856e+000
2.900000000000001e+000	5.000000e+000	2.896796e+000
3.000000000000001e+000	5.000000e+000	2.825374e+000
3.100000000000001e+000	5.000000e+000	2.755718e+000
3.200000000000002e+000	5.000000e+000	2.687966e+000
3.300000000000002e+000	5.000000e+000	2.622266e+000
3.400000000000002e+000	5.000000e+000	2.558778e+000
3.500000000000002e+000	5.000000e+000	2.497669e+000
3.600000000000002e+000	5.000000e+000	2.439122e+000
3.700000000000002e+000	5.000000e+000	2.383326e+000
3.800000000000002e+000	5.000000e+000	2.330480e+000
3.900000000000002e+000	5.000000e+000	2.280791e+000
4.000000000000002e+000	5.000000e+000	2.234472e+000
4.100000000000001e+000	5.000000e+000	2.191736e+000
4.200000000000001e+000	5.000000e+000	2.152800e+000
4.300000000000001e+000	5.000000e+000	2.117871e+000
4.400000000000000e+000	5.000000e+000	2.087149e+000
4.500000000000000e+000	5.000000e+000	2.060819e+000
4.600000000000000e+000	5.000000e+000	2.039041e+000
4.699999999999999e+000	5.000000e+000	2.021950e+000
4.799999999999999e+000	5.000000e+000	2.009812e+000
4.899999999999999e+000	5.000000e+000	2.002437e+000
5.000000000000000e+000	5.000000e+000	1.999982e+000
Step Information: Vy=4  (Run: 5/6)
0.000000000000000e+000	5.000000e+000	5.096127e+000
1.000000000000000e-001	5.000000e+000	4.998093e+000
2.000000000000000e-001	5.000000e+000	4.900218e+000
3.000000000000000e-001	5.000000e+000	4.802389e+000
4.000000000000000e-001	5.000000e+000	4.704652e+000
5.000000000000000e-001	5.000000e+000	4.607011e+000
6.000000000000000e-001	5.000000e+000	4.509474e+000
7.000000000000000e-001	5.000000e+000	4.412046e+000
7.999999999999999e-001	5.000000e+000	4.314736e+000
8.999999999999999e-001	5.000000e+000	4.217552e+000
9.999999999999999e-001	5.000000e+000	4.120502e+000
1.100000000000000e+000	5.000000e+000	4.023596e+000
1.200000000000000e+000	5.000000e+000	3.926844e+000
1.300000000000000e+000	5.000000e+000	3.830259e+000
1.400000000000000e+000	5.000000e+000	3.733854e+000
1.500000000000000e+000	5.000000e+000	3.637641e+000
1.600000000000000e+000	5.000000e+000	3.541638e+000
1.700000000000000e+000	5.000000e+000	3.445861e+000
1.800000000000001e+000	5.000000e+000	3.350330e+000
1.900000000000001e+000	5.000000e+000	3.255067e+000
2.000000000000000e+000	5.000000e+000	3.160095e+000
2.100000000000001e+000	5.000000e+000	3.065441e+000
2.200000000000001e+000	5.000000e+000	2.971137e+000
2.300000000000001e+000	5.000000e+000	2.877215e+000
2.400000000000001e+000	5.000000e+000	2.783715e+000
2.500000000000001e+000	5.000000e+000	2.690681e+000
2.600000000000001e+000	5.000000e+000	2.598162e+000
2.700000000000001e+000	5.000000e+000	2.506215e+000
2.800000000000001e+000	5.000000e+000	2.414904e+000
2.900000000000001e+000	5.000000e+000	2.324306e+000
3.000000000000001e+000	5.000000e+000	2.234506e+000
3.100000000000001e+000	5.000000e+000	2.145603e+000
3.200000000000002e+000	5.000000e+000	2.057714e+000
3.300000000000002e+000	5.000000e+000	1.970975e+000
3.400000000000002e+000	5.000000e+000	1.885542e+000
3.500000000000002e+000	5.000000e+000	1.801601e+000
3.600000000000002e+000	5.000000e+000	1.719370e+000
3.700000000000002e+000	5.000000e+000	1.639106e+000
3.800000000000002e+000	5.000000e+000	1.561111e+000
3.900000000000002e+000	5.000000e+000	1.485743e+000
4.000000000000002e+000	5.000000e+000	1.413420e+000
4.100000000000001e+000	5.000000e+000	1.344635e+000
4.200000000000001e+000	5.000000e+000	1.279958e+000
4.300000000000001e+000	5.000000e+000	1.220043e+000
4.400000000000000e+000	5.000000e+000	1.165626e+000
4.500000000000000e+000	5.000000e+000	1.117511e+000
4.600000000000000e+000	5.000000e+000	1.076542e+000
4.699999999999999e+000	5.000000e+000	1.043551e+000
4.799999999999999e+000	5.000000e+000	1.019676e+000
4.899999999999999e+000	5.000000e+000	1.004934e+000
5.000000000000000e+000	5.000000e+000	9.999905e-001
Step Information: Vy=5  (Run: 6/6)
0.000000000000000e+000	5.000000e+000	5.000009e+000
1.000000000000000e-001	5.000000e+000	4.900009e+000
2.000000000000000e-001	5.000000e+000	4.800008e+000
3.000000000000000e-001	5.000000e+000	4.700008e+000
4.000000000000000e-001	5.000000e+000	4.600008e+000
5.000000000000000e-001	5.000000e+000	4.500008e+000
6.000000000000000e-001	5.000000e+000	4.400008e+000
7.000000000000000e-001	5.000000e+000	4.300008e+000
7.999999999999999e-001	5.000000e+000	4.200007e+000
8.999999999999999e-001	5.000000e+000	4.100008e+000
9.999999999999999e-001	5.000000e+000	4.000007e+000
1.100000000000000e+000	5.000000e+000	3.900007e+000
1.200000000000000e+000	5.000000e+000	3.800007e+000
1.300000000000000e+000	5.000000e+000	3.700007e+000
1.400000000000000e+000	5.000000e+000	3.600007e+000
1.500000000000000e+000	5.000000e+000	3.500006e+000
1.600000000000000e+000	5.000000e+000	3.400006e+000
1.700000000000000e+000	5.000000e+000	3.300006e+000
1.800000000000001e+000	5.000000e+000	3.200006e+000
1.900000000000001e+000	5.000000e+000	3.100006e+000
2.000000000000000e+000	5.000000e+000	3.000006e+000
2.100000000000001e+000	5.000000e+000	2.900006e+000
2.200000000000001e+000	5.000000e+000	2.800005e+000
2.300000000000001e+000	5.000000e+000	2.700005e+000
2.400000000000001e+000	5.000000e+000	2.600005e+000
2.500000000000001e+000	5.000000e+000	2.500005e+000
2.600000000000001e+000	5.000000e+000	2.400005e+000
2.700000000000001e+000	5.000000e+000	2.300005e+000
2.800000000000001e+000	5.000000e+000	2.200005e+000
2.900000000000001e+000	5.000000e+000	2.100004e+000
3.000000000000001e+000	5.000000e+000	2.000004e+000
3.100000000000001e+000	5.000000e+000	1.900004e+000
3.200000000000002e+000	5.000000e+000	1.800004e+000
3.300000000000002e+000	5.000000e+000	1.700004e+000
3.400000000000002e+000	5.000000e+000	1.600004e+000
3.500000000000002e+000	5.000000e+000	1.500003e+000
3.600000000000002e+000	5.000000e+000	1.400003e+000
3.700000000000002e+000	5.000000e+000	1.300003e+000
3.800000000000002e+000	5.000000e+000	1.200003e+000
3.900000000000002e+000	5.000000e+000	1.100003e+000
4.000000000000002e+000	5.000000e+000	1.000003e+000
4.100000000000001e+000	5.000000e+000	9.000026e-001
4.200000000000001e+000	5.000000e+000	8.000025e-001
4.300000000000001e+000	5.000000e+000	7.000023e-001
4.400000000000000e+000	5.000000e+000	6.000021e-001
4.500000000000000e+000	5.000000e+000	5.000020e-001
4.600000000000000e+000	5.000000e+000	4.000018e-001
4.699999999999999e+000	5.000000e+000	3.000017e-001
4.799999999999999e+000	5.000000e+000	2.000015e-001
4.899999999999999e+000	5.000000e+000	1.000013e-001
5.000000000000000e+000	5.000000e+000	5.661772e-007
